9
011010000
011010100
111010100
000011100
010000000
011111000
011100000
000000000
111111110

7
0110100
0110101
1110101
0000111
0100000
0111110
0111000

25
0101010101010101010101010
1010101010101010101010101
0101010101010101010101010
1010101010101010101010101
0101010101010101010101010
1010101010101010101010101
0101010101010101010101010
1010101010101010101010101
0101010101010101010101010
1010101010101010101010101
0101010101010101010101010
1010101010101010101010101
0101010101010101010101010
1010101010101010101010101
0101010101010101010101010
1010101010101010101010101
0101010101010101010101010
1010101010101010101010101
0101010101010101010101010
1010101010101010101010101
0101010101010101010101010
1010101010101010101010101
0101010101010101010101010
1010101010101010101010101
0101010101010101010101010

3
111
000
101

